# new client!
# new client!
1465276445413, 1000
1465276446165, 890
1465276446917, 794
1465276447669, 710
1465276448421, 636
1465276449173, 572
1465276449925, 516
1465276450677, 474
1465276451429, 446
1465276452181, 421
1465276452933, 399
1465276453685, 380
1465276454437, 363
1465276455189, 348
1465276455941, 335
1465276456693, 324
1465276457445, 314
1465276458197, 306
1465276458949, 299
1465276459701, 292
1465276460453, 286
1465276461205, 281
1465276461957, 277
1465276462709, 273
1465276463461, 270
1465276464213, 267
1465276464965, 264
1465276465717, 262
1465276466469, 260
1465276467221, 258
1465276467973, 257
1465276468725, 256
1465276469477, 255
1465276470229, 254
1465276470981, 253
1465276471733, 252
1465276472485, 251
1465276473237, 250
1465276473989, 250
1465276474741, 250
